1,1,733.2,268.49,71.89999999999998,36.339999999999975,1,1,1.0
1,2,209.14,250.99,94.03000000000003,40.139999999999986,1,1,1.0
1,3,122.49,334.46,133.24,58.85000000000002,1,1,1.0
2,1,719.65,270.03,72.63,37.26000000000005,1,1,1.0
2,2,209.13,251.07,94.03000000000003,40.120000000000005,1,1,1.0
2,3,97.37,338.08,136.56,59.920000000000016,1,1,1.0
3,1,706.1,271.58,73.35000000000002,38.170000000000016,1,1,1.0
3,2,209.12,251.15,94.04000000000002,40.099999999999994,1,1,1.0
3,3,72.24,341.69,139.88,60.99000000000001,1,1,1.0
4,1,692.55,273.12,74.08000000000004,39.10000000000002,1,1,1.0
4,2,209.1,251.23,94.06000000000003,40.08000000000001,1,1,1.0
4,3,47.12,345.31,143.19,62.05000000000001,1,1,1.0
5,1,679.0,274.67,74.79999999999995,40.00999999999999,1,1,1.0
5,2,209.09,251.31,94.07000000000002,40.06,1,1,1.0
5,3,22.0,348.92,146.5,63.129999999999995,1,1,1.0
6,1,664.28,276.22,76.27999999999997,40.92999999999995,1,1,1.0
6,2,209.07,251.39,94.09000000000003,40.04000000000002,1,1,1.0
6,3,0.0,352.54,146.4,64.19,1,1,1.0
7,1,649.56,277.76,77.7600000000001,41.85000000000002,1,1,1.0
7,2,209.06,251.47,94.08999999999997,40.02000000000001,1,1,1.0
7,3,0.0,356.15,124.3,65.27000000000004,1,1,1.0
8,1,634.84,279.31,79.24000000000001,42.75999999999999,1,1,1.0
8,2,209.04,251.55,94.10999999999999,40.0,1,1,1.0
8,3,0.0,359.77,102.2,66.33000000000004,1,1,1.0
9,1,620.12,280.85,80.72000000000003,43.69,1,1,1.0
9,2,209.03,251.63,94.11999999999998,39.98000000000002,1,1,1.0
9,3,0.0,363.93,76.25,61.620000000000005,1,1,1.0
10,1,605.4,282.4,82.20000000000005,44.60000000000002,1,1,1.0
10,2,209.01,251.71,94.13999999999999,39.96000000000001,1,1,1.0
10,3,0.0,368.1,50.3,56.89999999999998,1,1,1.0
11,1,590.4,284.78,84.5,45.34000000000003,1,1,1.0
11,2,209.0,251.79,94.14999999999998,39.940000000000026,1,1,1.0
11,3,0.0,380.0,27.8,48.89999999999998,1,1,1.0
12,1,574.83,287.17,85.09999999999991,45.079999999999984,1,1,1.0
12,2,208.99,251.87,94.14999999999998,39.920000000000016,1,1,1.0
13,1,559.27,289.55,85.70000000000005,44.81999999999999,1,1,1.0
13,2,208.97,251.94,94.16999999999999,39.910000000000025,1,1,1.0
14,1,543.7,291.93,86.29999999999995,44.56999999999999,1,1,1.0
14,2,208.96,252.02,94.17999999999998,39.890000000000015,1,1,1.0
15,1,526.87,294.32,88.39999999999998,45.68000000000001,1,1,1.0
15,2,208.94,252.1,94.19999999999999,39.87000000000003,1,1,1.0
16,1,510.03,296.7,90.5,46.80000000000001,1,1,1.0
16,2,208.93,252.18,94.20999999999998,39.849999999999966,1,1,1.0
17,1,493.2,299.08,92.59999999999997,47.920000000000016,1,1,1.0
17,2,208.91,252.26,94.22,39.829999999999984,1,1,1.0
18,1,475.53,301.47,94.37,49.02999999999997,1,1,1.0
18,2,208.9,252.34,94.22999999999999,39.809999999999974,1,1,1.0
19,1,457.85,303.85,96.44999999999993,50.14999999999998,1,1,1.0
19,2,208.88,252.42,94.25,39.78999999999999,1,1,1.0
20,1,440.18,306.23,98.52000000000004,51.26999999999998,1,1,1.0
20,2,208.87,252.5,94.25999999999999,39.76999999999998,1,1,1.0
21,1,422.5,308.62,100.60000000000002,52.379999999999995,1,1,1.0
21,2,208.85,252.58,94.28,39.74999999999997,1,1,1.0
22,1,404.83,311.0,102.67000000000002,53.5,1,1,1.0
22,2,208.84,252.66,94.28,39.72999999999999,1,1,1.0
23,1,386.1,314.71,105.59999999999997,54.58000000000004,1,1,1.0
23,2,208.83,252.74,94.28999999999999,39.70999999999998,1,1,1.0
24,1,366.47,318.03,107.45999999999998,55.59000000000003,1,1,1.0
24,2,208.81,252.82,94.31,39.69999999999999,1,1,1.0
25,1,346.85,321.35,109.29999999999995,56.599999999999966,1,1,1.0
25,2,208.8,252.9,94.32,39.67999999999998,1,1,1.0
26,1,327.22,324.68,111.15999999999997,57.599999999999966,1,1,1.0
26,2,208.78,252.85,94.34,39.78999999999999,1,1,1.0
27,1,307.59,328.0,113.01000000000005,58.610000000000014,1,1,1.0
27,2,208.77,252.81,94.34,39.889999999999986,1,1,1.0
28,1,284.19,330.72,118.61000000000001,60.86999999999995,1,1,1.0
28,2,208.75,252.76,94.36000000000001,40.0,1,1,1.0
29,1,260.79,333.45,124.20999999999998,63.120000000000005,1,1,1.0
29,2,208.74,252.71,94.37,40.109999999999985,1,1,1.0
30,1,237.39,336.17,129.81,65.38,1,1,1.0
30,2,208.72,252.66,94.39000000000001,40.22,1,1,1.0
31,1,213.99,338.9,133.70999999999998,67.62,1,1,1.0
31,2,208.71,252.62,94.4,40.31999999999999,1,1,1.0
32,1,199.1,343.52,128.70000000000002,64.98000000000002,1,1,1.0
32,2,208.7,252.57,94.40000000000003,40.43000000000001,1,1,1.0
33,1,174.2,348.3,133.7,65.94999999999999,1,1,1.0
33,2,208.68,252.52,94.42000000000002,40.53999999999999,1,1,1.0
34,1,149.3,352.75,138.7,67.25,1,1,1.0
34,2,208.67,252.48,94.43000000000004,40.640000000000015,1,1,1.0
35,1,125.9,357.37,140.17,68.02999999999997,1,1,1.0
35,2,208.65,252.43,94.45000000000002,40.75,1,1,1.0
36,1,99.75,361.98,144.38,68.91999999999996,1,1,1.0
36,2,208.64,252.38,94.46000000000004,40.860000000000014,1,1,1.0
37,1,73.6,366.6,148.6,69.79999999999995,1,1,1.0
37,2,208.62,252.34,94.46999999999997,40.96000000000001,1,1,1.0
38,1,45.35,371.6,153.12,71.13,1,1,1.0
38,2,208.61,252.29,94.47999999999996,41.07000000000002,1,1,1.0
39,1,17.1,376.6,157.63,72.46999999999997,1,1,1.0
39,2,208.59,252.24,94.49999999999997,41.18000000000001,1,1,1.0
40,1,0.0,381.6,151.0,73.79999999999995,1,1,1.0
40,2,208.58,252.19,94.50999999999996,41.29000000000002,1,1,1.0
41,1,0.0,384.15,125.5,76.75,1,1,1.0
41,2,208.57,252.15,94.51999999999998,41.390000000000015,1,1,1.0
42,1,0.0,386.7,100.0,79.69999999999999,1,1,1.0
42,2,208.55,252.1,94.52999999999997,41.50000000000003,1,1,1.0
43,1,0.0,395.7,74.0,71.69999999999999,1,1,1.0
43,2,208.54,252.21,94.53999999999999,41.45000000000002,1,1,1.0
44,1,0.0,404.7,48.75,63.69999999999999,1,1,1.0
44,2,208.52,252.31,94.55999999999997,41.410000000000025,1,1,1.0
45,1,0.0,413.7,23.5,55.69999999999999,1,1,1.0
45,2,208.51,252.42,94.57,41.359999999999985,1,1,1.0
46,2,208.49,252.52,94.58999999999997,41.319999999999965,1,1,1.0
47,2,208.48,252.63,94.59,41.26999999999998,1,1,1.0
48,2,208.46,252.73,94.60999999999999,41.24000000000004,1,1,1.0
49,2,208.45,252.84,94.62,41.18999999999997,1,1,1.0
50,2,208.43,252.94,94.63999999999999,41.14999999999998,1,1,1.0
51,2,208.42,253.05,94.65,41.099999999999966,1,1,1.0
52,2,208.41,253.15,94.65,41.059999999999974,1,1,1.0
52,4,946.34,228.13,13.659999999999968,52.03000000000003,1,1,1.0
53,2,208.39,253.26,94.67000000000002,41.00999999999999,1,1,1.0
53,4,941.35,228.13,18.649999999999977,53.74000000000001,1,1,1.0
54,2,208.38,253.36,94.68,40.96999999999997,1,1,1.0
54,4,936.36,228.13,23.639999999999986,55.44,1,1,1.0
55,2,208.36,253.47,94.69999999999999,40.91999999999999,1,1,1.0
55,4,931.38,228.13,28.620000000000005,57.139999999999986,1,1,1.0
56,2,208.35,253.57,94.71000000000001,40.879999999999995,1,1,1.0
56,4,926.39,228.13,33.610000000000014,58.84000000000003,1,1,1.0
57,2,208.33,253.68,94.72,40.829999999999984,1,1,1.0
57,4,921.41,228.13,38.59000000000003,60.55000000000001,1,1,1.0
58,2,208.32,253.78,94.73000000000002,40.78999999999999,1,1,1.0
58,4,916.42,228.13,43.58000000000004,62.25,1,1,1.0
59,2,208.3,253.89,94.75,40.74000000000001,1,1,1.0
59,4,911.43,228.13,48.57000000000005,63.94999999999999,1,1,1.0
60,2,208.29,253.99,94.76000000000002,40.69999999999999,1,1,1.0
60,4,906.45,228.13,53.549999999999955,65.66000000000003,1,1,1.0
61,2,208.28,254.1,94.77000000000001,40.650000000000006,1,1,1.0
61,4,901.46,228.13,58.539999999999964,67.36000000000001,1,1,1.0
62,2,208.26,254.21,94.78000000000003,40.599999999999994,1,1,1.0
62,4,896.47,228.13,63.52999999999997,69.06,1,1,1.0
63,2,208.25,254.31,94.79000000000002,40.56,1,1,1.0
63,4,891.49,228.13,68.50999999999999,70.76999999999998,1,1,1.0
64,2,208.23,254.42,94.81000000000003,40.51000000000002,1,1,1.0
64,4,886.5,228.13,73.5,72.47000000000003,1,1,1.0
65,2,208.22,254.52,94.82000000000002,40.47,1,1,1.0
65,4,880.18,228.66,79.82000000000005,73.71000000000001,1,1,1.0
66,2,208.2,254.63,94.84000000000003,40.420000000000016,1,1,1.0
66,4,873.87,229.19,86.13,74.94999999999999,1,1,1.0
67,2,208.19,254.73,94.83999999999997,40.380000000000024,1,1,1.0
67,4,867.55,229.72,92.45000000000005,76.19000000000003,1,1,1.0
68,2,208.17,254.84,94.85999999999999,40.33000000000001,1,1,1.0
68,4,861.23,230.24,98.76999999999998,77.44,1,1,1.0
69,2,208.16,254.94,94.86999999999998,40.29000000000002,1,1,1.0
69,4,854.92,230.77,105.08000000000004,78.67999999999998,1,1,1.0
70,2,208.14,255.05,94.88999999999999,40.25,1,1,1.0
70,4,848.6,231.3,111.39999999999998,79.92000000000002,1,1,1.0
71,2,208.13,255.15,94.89999999999998,40.21000000000001,1,1,1.0
71,4,840.88,231.42,119.12,81.30000000000004,1,1,1.0
72,2,208.12,255.26,94.89999999999998,40.160000000000025,1,1,1.0
72,4,833.16,231.54,126.84000000000003,82.66999999999999,1,1,1.0
73,2,208.1,255.36,94.91999999999999,40.120000000000005,1,1,1.0
73,4,825.44,231.66,134.55999999999995,84.04999999999998,1,1,1.0
74,2,208.09,255.47,94.92999999999998,40.07000000000002,1,1,1.0
74,4,817.72,231.78,142.27999999999997,85.41999999999999,1,1,1.0
75,2,208.07,255.57,94.94999999999999,40.03000000000003,1,1,1.0
75,4,810.0,231.9,150.0,86.79999999999998,1,1,1.0
76,2,208.06,255.68,94.94999999999999,39.98000000000002,1,1,1.0
76,4,802.12,232.77,157.88,87.92999999999998,1,1,1.0
76,5,801.0,257.91,24.909999999999968,27.369999999999948,1,1,1.0
77,2,208.04,255.78,94.97,39.940000000000026,1,1,1.0
77,4,794.23,233.63,165.76999999999998,89.07,1,1,1.0
77,5,789.82,258.37,27.719999999999914,27.70999999999998,1,1,1.0
78,2,208.03,255.89,94.97999999999999,39.889999999999986,1,1,1.0
78,4,786.35,234.5,170.14999999999998,90.19999999999999,1,1,1.0
78,5,778.65,258.83,30.519999999999982,28.05000000000001,1,1,1.0
79,2,208.01,255.99,95.0,39.849999999999966,1,1,1.0
79,4,778.47,235.37,173.36,91.32999999999998,1,1,1.0
79,5,767.47,259.29,33.32999999999993,28.389999999999986,1,1,1.0
80,2,208.0,256.1,95.00999999999999,39.799999999999955,1,1,1.0
80,4,770.58,236.23,176.58999999999992,92.47,1,1,1.0
80,5,756.3,259.75,36.129999999999995,28.730000000000018,1,1,1.0
81,2,208.0,256.05,95.0,39.81999999999999,1,1,1.0
81,4,762.7,237.1,179.79999999999995,93.6,1,1,1.0
81,5,745.12,260.21,38.93999999999994,29.069999999999993,1,1,1.0
82,2,207.99,256.01,95.00999999999999,39.81999999999999,1,1,1.0
82,4,753.95,238.26,181.89999999999998,94.85000000000002,1,1,1.0
82,5,733.95,260.67,41.74000000000001,29.41999999999996,1,1,1.0
82,6,936.23,239.61,9.0,32.120000000000005,1,1,1.0
83,2,207.99,255.96,95.00999999999999,39.84,1,1,1.0
83,4,745.2,239.43,183.99,96.09999999999997,1,1,1.0
83,5,722.77,261.13,44.55000000000007,29.75999999999999,1,1,1.0
83,6,925.92,240.18,13.100000000000023,32.26999999999998,1,1,1.0
84,2,207.99,255.92,95.00999999999999,39.84,1,1,1.0
84,4,735.18,240.59,187.93000000000006,97.35,1,1,1.0
84,5,711.59,261.58,47.360000000000014,30.110000000000014,1,1,1.0
84,6,915.6,240.75,17.209999999999923,32.420000000000016,1,1,1.0
85,2,207.99,255.87,95.00999999999999,39.860000000000014,1,1,1.0
85,4,725.16,241.76,191.88,98.59000000000003,1,1,1.0
85,5,700.42,262.04,50.15000000000009,30.44999999999999,1,1,1.0
85,6,905.29,241.32,21.31000000000006,32.56,1,1,1.0
86,2,207.98,255.82,95.01000000000002,39.870000000000005,1,1,1.0
86,4,715.14,242.92,195.82000000000005,99.85,1,1,1.0
86,5,689.24,262.5,52.960000000000036,30.79000000000002,1,1,1.0
86,6,894.97,241.89,25.41999999999996,32.710000000000036,1,1,1.0
87,2,207.98,255.78,95.01000000000002,39.880000000000024,1,1,1.0
87,4,705.12,244.08,199.76,101.1,1,1,1.0
87,5,678.07,262.96,55.75999999999999,31.129999999999995,1,1,1.0
87,6,884.66,242.46,29.519999999999982,32.859999999999985,1,1,1.0
88,2,207.98,255.73,95.01000000000002,39.890000000000015,1,1,1.0
88,4,695.1,245.25,203.69999999999993,102.33999999999997,1,1,1.0
88,5,666.89,263.42,58.57000000000005,31.46999999999997,1,1,1.0
88,6,874.34,243.03,33.629999999999995,33.01000000000002,1,1,1.0
89,2,207.97,255.69,95.02000000000001,39.89999999999998,1,1,1.0
89,4,684.14,246.41,207.64999999999998,103.6,1,1,1.0
89,5,655.72,263.88,61.370000000000005,31.810000000000002,1,1,1.0
89,6,864.03,243.61,37.73000000000002,33.14999999999998,1,1,1.0
90,2,207.97,255.64,95.02000000000001,39.910000000000025,1,1,1.0
90,4,673.18,247.58,211.60000000000002,104.84,1,1,1.0
90,5,644.54,264.34,64.18000000000006,32.150000000000034,1,1,1.0
90,6,853.71,244.18,41.83999999999992,33.30000000000001,1,1,1.0
91,2,207.97,255.6,95.01000000000002,39.91999999999999,1,1,1.0
91,4,662.21,248.74,215.54999999999995,106.08999999999997,1,1,1.0
91,5,633.36,264.8,66.99000000000001,32.49000000000001,1,1,1.0
91,6,843.4,244.75,45.940000000000055,33.44999999999999,1,1,1.0
92,2,207.96,255.55,95.02000000000001,39.93000000000001,1,1,1.0
92,4,651.25,249.9,219.5,107.35,1,1,1.0
92,5,622.19,265.26,69.78999999999996,32.84000000000003,1,1,1.0
92,6,833.94,245.51,47.229999999999905,33.44999999999999,1,1,1.0
93,2,207.96,255.5,95.02000000000001,39.94999999999999,1,1,1.0
93,4,640.29,251.07,223.45000000000005,108.59000000000003,1,1,1.0
93,5,611.01,265.72,72.60000000000002,33.17999999999995,1,1,1.0
93,6,824.49,246.28,48.50999999999999,33.45000000000002,1,1,1.0
94,2,207.96,255.46,95.02000000000001,39.96000000000001,1,1,1.0
94,4,629.33,252.23,227.39999999999998,109.84,1,1,1.0
94,5,599.84,266.18,75.39999999999998,33.51999999999998,1,1,1.0
94,6,815.03,247.04,49.80000000000007,33.45000000000002,1,1,1.0
95,2,207.96,255.41,95.02000000000001,39.97,1,1,1.0
95,4,618.36,253.4,231.35000000000002,111.09,1,1,1.0
95,5,588.66,266.64,78.21000000000004,33.860000000000014,1,1,1.0
95,6,805.58,247.81,51.07999999999993,33.44999999999999,1,1,1.0
96,2,207.95,255.37,95.02000000000004,39.98000000000002,1,1,1.0
96,4,607.4,254.56,235.30000000000007,112.33999999999997,1,1,1.0
96,5,577.49,267.1,81.00999999999999,34.19999999999999,1,1,1.0
96,6,796.12,248.57,52.360000000000014,33.44999999999999,1,1,1.0
97,2,207.95,255.32,95.02000000000004,39.99000000000001,1,1,1.0
97,4,594.17,255.72,240.24,114.42999999999998,1,1,1.0
97,5,564.12,267.77,85.08000000000004,34.420000000000016,1,1,1.0
97,6,786.67,249.33,53.639999999999986,33.46000000000001,1,1,1.0
98,2,207.95,255.27,95.02000000000004,40.00999999999996,1,1,1.0
98,4,580.93,256.89,245.19000000000005,116.50999999999999,1,1,1.0
98,5,550.74,268.44,88.71000000000004,34.639999999999986,1,1,1.0
98,6,777.21,250.1,54.92999999999995,33.45000000000002,1,1,1.0
99,2,207.94,255.23,95.03000000000003,40.01000000000002,1,1,1.0
99,4,567.7,258.05,250.13,118.59999999999997,1,1,1.0
99,5,537.37,269.11,92.33000000000004,34.860000000000014,1,1,1.0
99,6,767.76,250.86,56.210000000000036,33.45999999999998,1,1,1.0
100,2,207.94,255.18,95.03000000000003,40.02999999999997,1,1,1.0
100,4,554.46,259.22,255.07999999999993,120.67999999999995,1,1,1.0
100,5,524.21,269.78,92.91999999999996,35.08000000000004,1,1,1.0
100,6,758.3,251.63,57.5,33.44999999999999,1,1,1.0
101,2,207.94,255.14,95.01999999999998,40.03000000000003,1,1,1.0
101,4,541.23,260.38,260.02,122.76999999999998,1,1,1.0
101,5,511.06,270.44,93.48999999999995,35.31,1,1,1.0
101,6,744.75,251.86,61.10000000000002,34.50999999999999,1,1,1.0
102,2,207.94,255.09,95.01999999999998,40.04999999999998,1,1,1.0
102,4,527.99,261.54,264.97,124.85999999999996,1,1,1.0
102,5,497.9,271.11,94.08000000000004,35.52999999999997,1,1,1.0
102,6,731.2,252.1,64.69999999999993,35.56000000000003,1,1,1.0
103,2,207.93,255.05,95.02999999999997,40.05000000000001,1,1,1.0
103,4,514.75,262.71,269.91999999999996,126.94,1,1,1.0
103,5,484.4,271.78,95.0,35.75,1,1,1.0
103,6,720.4,252.5,66.60000000000002,14.600000000000023,1,1,1.0
104,2,207.93,255.0,95.02999999999997,40.06999999999999,1,1,1.0
104,4,501.52,263.87,274.86,129.02999999999997,1,1,1.0
104,5,470.9,272.45,95.93000000000006,35.97000000000003,1,1,1.0
104,6,707.8,253.06,68.58000000000004,14.910000000000025,1,1,1.0
105,2,207.93,255.26,95.02999999999997,39.76999999999998,1,1,1.0
105,4,488.28,265.04,279.81000000000006,131.10999999999996,1,1,1.0
105,5,457.4,273.12,96.85000000000002,36.19999999999999,1,1,1.0
105,6,695.2,253.62,70.54999999999995,15.230000000000018,1,1,1.0
105,7,945.89,226.1,14.110000000000014,38.71000000000001,1,1,1.0
106,2,207.92,255.53,95.03,39.47,1,1,1.0
106,4,475.05,266.2,284.74999999999994,133.2,1,1,1.0
106,5,443.9,273.79,97.77999999999997,36.41999999999996,1,1,1.0
106,6,682.6,254.18,72.52999999999997,15.54000000000002,1,1,1.0
106,7,941.59,214.7,18.409999999999968,50.73000000000002,1,1,1.0
107,2,207.92,255.51,95.03,39.56999999999999,1,1,1.0
107,4,460.27,268.08,289.13,136.76,1,1,1.0
107,5,430.4,274.46,98.70000000000005,36.64000000000004,1,1,1.0
107,6,670.0,254.74,74.5,15.860000000000014,1,1,1.0
107,7,937.3,214.9,22.700000000000045,51.16,1,1,1.0
108,2,207.92,255.49,95.03,39.670000000000016,1,1,1.0
108,4,445.5,269.97,293.5,140.30999999999995,1,1,1.0
108,5,416.18,275.12,100.32,36.870000000000005,1,1,1.0
108,6,654.64,255.3,78.53999999999996,17.47999999999996,1,1,1.0
108,7,933.0,214.4,27.0,52.28,1,1,1.0
109,2,207.92,255.46,95.03,39.78,1,1,1.0
109,4,427.92,271.85,300.8,142.62,1,1,1.0
109,5,401.96,275.79,101.94,37.089999999999975,1,1,1.0
109,6,639.27,255.86,82.60000000000002,19.099999999999966,1,1,1.0
109,7,928.7,213.9,31.299999999999955,53.400000000000006,1,1,1.0
110,2,207.91,255.44,95.03999999999999,39.879999999999995,1,1,1.0
110,4,410.34,273.74,308.1000000000001,144.90999999999997,1,1,1.0
110,5,387.75,276.46,103.55000000000001,37.31,1,1,1.0
110,6,623.91,256.42,86.63999999999999,20.71999999999997,1,1,1.0
110,7,924.23,214.09,35.76999999999998,53.849999999999994,1,1,1.0
111,2,207.91,255.42,95.03,39.99000000000004,1,1,1.0
111,4,392.76,275.62,315.4,147.20999999999998,1,1,1.0
111,5,373.53,277.13,105.17000000000002,37.53000000000003,1,1,1.0
111,6,608.54,256.98,90.69000000000005,22.339999999999975,1,1,1.0
111,7,919.76,214.28,40.24000000000001,54.29999999999998,1,1,1.0
112,2,207.91,255.4,95.03,40.09,1,1,1.0
112,4,375.18,277.51,322.7,149.51,1,1,1.0
112,5,359.31,277.8,106.79000000000002,37.75,1,1,1.0
112,6,593.18,257.54,94.74000000000001,23.95999999999998,1,1,1.0
112,7,915.29,214.47,44.710000000000036,54.75000000000003,1,1,1.0
113,2,207.9,255.38,95.03999999999999,40.19,1,1,1.0
113,4,357.6,279.39,330.0,151.81,1,1,1.0
113,5,344.04,278.76,107.48999999999995,38.00999999999999,1,1,1.0
113,6,577.81,258.1,98.79000000000008,25.579999999999984,1,1,1.0
113,7,910.82,214.66,49.17999999999995,55.20000000000002,1,1,1.0
114,2,207.9,255.35,95.03999999999999,40.29999999999998,1,1,1.0
114,4,340.05,281.27,335.7,155.90000000000003,1,1,1.0
114,5,328.77,279.72,108.20000000000005,38.27999999999997,1,1,1.0
114,6,563.63,258.99,99.85000000000002,26.769999999999982,1,1,1.0
114,7,906.35,214.85,53.64999999999998,55.650000000000006,1,1,1.0
115,2,207.9,255.33,95.03999999999999,40.400000000000006,1,1,1.0
115,4,322.5,283.16,341.4,159.96999999999997,1,1,1.0
115,5,313.51,280.68,108.88999999999999,38.54000000000002,1,1,1.0
115,6,549.45,259.88,100.89999999999998,27.94999999999999,1,1,1.0
115,7,901.88,215.04,58.120000000000005,56.099999999999994,1,1,1.0
116,2,207.9,255.31,95.03,40.5,1,1,1.0
116,4,300.97,285.04,351.0799999999999,164.06,1,1,1.0
116,5,298.24,281.65,109.58999999999997,38.80000000000001,1,1,1.0
116,6,535.27,260.76,101.96000000000004,29.150000000000034,1,1,1.0
116,7,897.41,215.23,62.59000000000003,56.54999999999998,1,1,1.0
117,2,207.89,255.29,95.04000000000002,40.599999999999994,1,1,1.0
117,4,279.44,286.93,360.76000000000005,168.14,1,1,1.0
117,5,282.97,282.61,110.29999999999995,39.06,1,1,1.0
117,6,521.1,261.65,103.0,30.340000000000032,1,1,1.0
117,7,892.94,215.42,67.05999999999995,57.00000000000003,1,1,1.0
118,2,207.89,255.27,95.04000000000002,40.70000000000002,1,1,1.0
118,4,257.91,288.81,370.44,172.21999999999997,1,1,1.0
118,5,267.7,283.57,111.0,39.329999999999984,1,1,1.0
118,6,506.92,262.54,104.06,31.529999999999973,1,1,1.0
118,7,888.47,215.61,71.52999999999997,57.44999999999999,1,1,1.0
119,2,207.89,255.24,95.04000000000002,40.81999999999999,1,1,1.0
119,4,236.39,290.7,380.11,176.3,1,1,1.0
119,5,251.23,284.53,113.07000000000002,39.83000000000004,1,1,1.0
119,6,492.74,263.43,105.11000000000001,32.70999999999998,1,1,1.0
119,7,884.0,216.1,74.10000000000002,57.599999999999994,1,1,1.0
120,2,207.88,255.22,95.05000000000001,40.91999999999999,1,1,1.0
120,4,214.86,292.58,389.78999999999996,180.39000000000004,1,1,1.0
120,5,234.76,285.49,115.13999999999999,40.31999999999999,1,1,1.0
120,6,478.56,264.31,106.17000000000002,33.910000000000025,1,1,1.0
120,7,877.99,216.55,75.52999999999997,57.90999999999997,1,1,1.0
121,2,207.88,255.2,95.04000000000002,41.02000000000004,1,1,1.0
121,4,193.33,294.46,399.4699999999999,184.47000000000003,1,1,1.0
121,5,218.29,286.45,116.15,40.81999999999999,1,1,1.0
121,6,464.38,265.2,107.22000000000003,35.10000000000002,1,1,1.0
121,7,871.98,217.0,76.96000000000004,58.22000000000003,1,1,1.0
122,2,207.88,255.26,95.04000000000002,40.99000000000001,1,1,1.0
122,4,171.8,296.35,409.15000000000003,188.54999999999995,1,1,1.0
122,5,201.81,287.42,117.17000000000002,41.31,1,1,1.0
122,6,449.7,265.9,108.42000000000002,36.44,1,1,1.0
122,7,865.97,217.45,78.38999999999999,58.53000000000003,1,1,1.0
123,2,207.88,255.31,95.04000000000002,40.96999999999997,1,1,1.0
123,4,145.54,298.23,423.56000000000006,192.64,1,1,1.0
123,5,185.34,288.38,118.17999999999998,41.81,1,1,1.0
123,6,435.01,266.6,109.63,37.76999999999998,1,1,1.0
123,7,859.96,217.9,79.81999999999994,58.84,1,1,1.0
124,2,207.87,255.37,95.05000000000001,40.94999999999999,1,1,1.0
124,4,119.27,300.12,437.98,196.70999999999998,1,1,1.0
124,5,168.87,289.34,119.19,42.30000000000001,1,1,1.0
124,6,420.33,267.3,110.82,39.110000000000014,1,1,1.0
124,7,853.95,218.35,81.25,59.140000000000015,1,1,1.0
125,2,207.87,255.43,95.05000000000001,40.920000000000016,1,1,1.0
125,4,93.01,302.0,452.39,200.8,1,1,1.0
125,5,152.4,290.3,120.20000000000002,42.80000000000001,1,1,1.0
125,6,405.64,268.0,112.02999999999997,40.44999999999999,1,1,1.0
125,7,847.94,218.8,82.67999999999995,59.44999999999999,1,1,1.0
126,2,207.87,255.48,95.04000000000002,40.900000000000006,1,1,1.0
126,4,64.64,304.67,466.09000000000003,205.63,1,1,1.0
126,5,134.3,291.85,121.07999999999998,43.289999999999964,1,1,1.0
126,6,390.96,268.7,113.23000000000002,41.78000000000003,1,1,1.0
126,7,841.93,219.25,84.11000000000001,59.75999999999999,1,1,1.0
127,2,207.86,255.54,95.05000000000001,40.880000000000024,1,1,1.0
127,4,36.27,307.33,479.80000000000007,210.46999999999997,1,1,1.0
127,5,116.2,293.4,121.96999999999998,43.79000000000002,1,1,1.0
127,6,376.27,269.4,114.44,43.120000000000005,1,1,1.0
127,7,835.92,219.7,85.54000000000008,60.06999999999999,1,1,1.0
128,2,207.86,255.59,95.05000000000001,40.859999999999985,1,1,1.0
128,4,7.9,310.0,493.5,215.29999999999995,1,1,1.0
128,5,98.1,294.95,122.85,44.28000000000003,1,1,1.0
128,6,361.59,270.1,115.64000000000004,44.44999999999999,1,1,1.0
128,7,829.91,220.15,86.97000000000003,60.37999999999997,1,1,1.0
129,2,207.86,255.65,95.05000000000001,40.83000000000001,1,1,1.0
129,4,0.0,312.98,485.67,219.66999999999996,1,1,1.0
129,5,80.0,296.5,123.72999999999999,44.76999999999998,1,1,1.0
129,6,346.9,270.8,116.85000000000002,45.789999999999964,1,1,1.0
129,7,823.9,220.6,88.39999999999998,60.690000000000026,1,1,1.0
130,2,207.85,255.71,95.06000000000003,40.79999999999998,1,1,1.0
130,4,0.0,315.96,469.93,224.04000000000002,1,1,1.0
130,5,60.9,297.6,127.4,45.19,1,1,1.0
130,6,331.37,271.5,118.88999999999999,47.129999999999995,1,1,1.0
130,7,817.38,221.09,88.95000000000005,60.96000000000001,1,1,1.0
131,2,207.85,255.76,95.04999999999998,40.79000000000002,1,1,1.0
131,4,0.0,318.94,454.2,221.06,1,1,1.0
131,5,41.08,298.7,130.82,45.60000000000002,1,1,1.0
131,6,315.84,272.2,120.94,48.460000000000036,1,1,1.0
131,7,810.87,221.57,89.5,61.24000000000001,1,1,1.0
132,2,207.85,255.82,95.04999999999998,40.75999999999999,1,1,1.0
132,4,0.0,321.92,437.95,218.07999999999998,1,1,1.0
132,5,22.74,300.3,131.35999999999999,46.43000000000001,1,1,1.0
132,6,300.3,272.9,123.0,49.80000000000001,1,1,1.0
132,7,804.35,222.06,90.04999999999995,61.5,1,1,1.0
133,2,207.85,255.88,95.04999999999998,40.73000000000002,1,1,1.0
133,4,0.0,324.9,421.7,215.10000000000002,1,1,1.0
133,5,4.4,301.9,131.9,47.27000000000004,1,1,1.0
133,6,284.53,273.89,123.26000000000005,50.05000000000001,1,1,1.0
133,7,797.83,222.55,90.59999999999991,61.76999999999998,1,1,1.0
134,2,207.84,255.93,95.05999999999997,40.71999999999997,1,1,1.0
134,4,0.0,327.88,404.7,212.12,1,1,1.0
134,5,0.0,303.5,118.5,48.10000000000002,1,1,1.0
134,6,268.75,274.88,123.52999999999997,50.30000000000001,1,1,1.0
134,7,791.32,223.03,91.14999999999998,62.04999999999998,1,1,1.0
135,2,207.84,255.99,95.05999999999997,40.69,1,1,1.0
135,4,0.0,330.86,386.33,209.14,1,1,1.0
135,5,0.0,305.83,100.9,47.72000000000003,1,1,1.0
135,6,252.98,275.87,123.78999999999999,50.55000000000001,1,1,1.0
135,7,784.8,223.52,91.70000000000005,62.319999999999965,1,1,1.0
135,8,691.34,523.28,101.49000000000001,16.720000000000027,1,1,1.0
136,2,207.84,256.04,95.04999999999998,40.66999999999996,1,1,1.0
136,4,0.0,333.84,367.95,206.16000000000003,1,1,1.0
136,5,0.0,308.15,81.53,47.35000000000002,1,1,1.0
136,6,237.2,276.86,124.06,50.80000000000001,1,1,1.0
136,7,777.3,224.0,92.88,62.60000000000002,1,1,1.0
136,8,698.77,517.34,111.78999999999996,22.659999999999968,1,1,1.0
137,2,207.83,256.1,95.05999999999997,40.64999999999998,1,1,1.0
137,4,0.0,336.82,349.58,203.18,1,1,1.0
137,5,0.0,310.48,63.05,43.76999999999998,1,1,1.0
137,6,220.39,277.85,125.36000000000001,51.049999999999955,1,1,1.0
137,7,769.8,224.48,94.06000000000006,62.880000000000024,1,1,1.0
137,8,706.19,511.39,122.1099999999999,28.610000000000014,1,1,1.0
138,2,207.83,256.16,95.05999999999997,40.61999999999995,1,1,1.0
138,4,0.0,339.8,331.2,200.2,1,1,1.0
138,5,0.0,312.8,44.57,40.19999999999999,1,1,1.0
138,6,203.57,278.84,126.67000000000002,51.30000000000001,1,1,1.0
138,7,762.3,224.97,95.24000000000001,63.150000000000006,1,1,1.0
138,8,713.62,505.44,127.27999999999997,34.56,1,1,1.0
139,2,207.83,256.21,95.05999999999997,40.60000000000002,1,1,1.0
139,4,0.0,343.73,310.45,196.26999999999998,1,1,1.0
139,5,0.0,318.5,26.08,36.69999999999999,1,1,1.0
139,6,186.76,279.83,127.97000000000003,51.55000000000001,1,1,1.0
139,7,754.8,225.45,96.42000000000007,63.43000000000001,1,1,1.0
139,8,721.05,499.49,131.35000000000002,40.50999999999999,1,1,1.0
140,2,207.83,256.27,95.05999999999997,40.56999999999999,1,1,1.0
140,4,0.0,347.65,289.7,192.35000000000002,1,1,1.0
140,5,0.0,323.0,7.6,28.600000000000023,1,1,1.0
140,6,169.95,280.82,129.27000000000004,51.80000000000001,1,1,1.0
140,7,747.3,225.93,97.60000000000002,63.70999999999998,1,1,1.0
140,8,728.47,493.55,132.67999999999995,46.44999999999999,1,1,1.0
141,2,207.82,256.33,95.06,40.55000000000001,1,1,1.0
141,4,0.0,351.58,268.95,188.42000000000002,1,1,1.0
141,6,153.13,281.81,130.57999999999998,52.05000000000001,1,1,1.0
141,7,739.8,226.41,98.78000000000009,63.97999999999999,1,1,1.0
141,8,735.9,487.6,134.0,52.39999999999998,1,1,1.0
142,2,207.82,256.38,95.06,40.53000000000003,1,1,1.0
142,4,0.0,355.51,248.2,184.49,1,1,1.0
142,6,136.32,282.8,131.88,52.30000000000001,1,1,1.0
142,7,732.3,226.9,99.96000000000004,64.24999999999997,1,1,1.0
142,8,745.92,482.81,131.81000000000006,57.19,1,1,1.0
143,2,207.82,256.44,95.06,40.5,1,1,1.0
143,4,0.0,359.44,223.51,180.56,1,1,1.0
143,6,118.12,284.07,133.67,53.01999999999998,1,1,1.0
143,7,724.8,227.38,101.1400000000001,64.53000000000003,1,1,1.0
143,8,755.93,478.02,129.6400000000001,61.98000000000002,1,1,1.0
144,2,207.81,256.49,95.07,40.49000000000001,1,1,1.0
144,4,0.0,363.36,198.83,176.64,1,1,1.0
144,6,99.91,285.34,135.47,53.74000000000001,1,1,1.0
144,7,716.61,227.72,102.30999999999995,64.80999999999997,1,1,1.0
144,8,765.95,473.23,127.44999999999993,66.76999999999998,1,1,1.0
145,2,207.81,256.55,95.07,40.45999999999998,1,1,1.0
145,4,0.0,367.29,174.14,172.70999999999998,1,1,1.0
145,6,81.71,286.6,137.25,54.45999999999998,1,1,1.0
145,7,708.43,228.05,103.47000000000003,65.08999999999997,1,1,1.0
145,8,775.97,468.45,125.25999999999999,71.55000000000001,1,1,1.0
146,2,207.81,256.61,95.06,40.43000000000001,1,1,1.0
146,4,0.0,371.22,149.46,168.77999999999997,1,1,1.0
146,6,63.51,287.87,139.04000000000002,55.18000000000001,1,1,1.0
146,7,700.24,228.39,104.63999999999999,65.36000000000001,1,1,1.0
146,8,785.98,463.66,123.09000000000003,76.33999999999997,1,1,1.0
147,2,207.8,256.66,95.07,40.41999999999996,1,1,1.0
147,4,0.0,375.15,124.77,164.85000000000002,1,1,1.0
147,6,45.31,289.14,140.82999999999998,55.900000000000034,1,1,1.0
147,7,692.06,228.73,105.80000000000007,65.64000000000001,1,1,1.0
147,8,796.0,458.87,120.89999999999998,81.13,1,1,1.0
148,2,207.8,256.72,95.07,40.389999999999986,1,1,1.0
148,4,0.0,379.07,100.09,160.93,1,1,1.0
148,6,27.1,290.41,142.63,56.61999999999995,1,1,1.0
148,7,683.87,229.07,106.97000000000003,65.91000000000003,1,1,1.0
148,8,804.37,454.52,118.68999999999994,81.33000000000004,1,1,1.0
149,2,207.8,256.78,95.07,40.360000000000014,1,1,1.0
149,4,0.0,383.0,75.4,157.0,1,1,1.0
149,6,8.9,291.68,144.41,57.329999999999984,1,1,1.0
149,7,675.69,229.4,108.13,66.18999999999997,1,1,1.0
149,8,812.73,450.16,116.48000000000002,81.54000000000002,1,1,1.0
150,2,207.8,256.83,95.07,40.34000000000003,1,1,1.0
150,4,0.0,396.5,46.9,143.5,1,1,1.0
150,6,0.0,292.95,136.9,58.05000000000001,1,1,1.0
150,7,667.5,229.74,109.29999999999995,66.46999999999997,1,1,1.0
150,8,821.1,445.81,114.26999999999998,80.55000000000001,1,1,1.0
151,2,207.79,256.89,95.07000000000002,40.31999999999999,1,1,1.0
151,4,0.0,410.0,18.4,130.0,1,1,1.0
151,6,0.0,294.21,119.18,57.56999999999999,1,1,1.0
151,7,658.36,230.08,110.12,66.73999999999998,1,1,1.0
151,8,829.47,441.46,112.05999999999995,79.56,1,1,1.0
152,2,207.79,256.94,95.07000000000002,40.30000000000001,1,1,1.0
152,6,0.0,295.47,101.46,57.089999999999975,1,1,1.0
152,7,649.21,230.41,110.94999999999993,67.02000000000001,1,1,1.0
152,8,837.83,437.11,109.86000000000001,78.56999999999994,1,1,1.0
153,2,207.79,257.0,95.07000000000002,40.26999999999998,1,1,1.0
153,6,0.0,296.74,83.74,56.599999999999966,1,1,1.0
153,7,640.07,230.75,111.76999999999998,67.30000000000001,1,1,1.0
153,8,846.2,432.75,107.63999999999999,77.58999999999997,1,1,1.0
154,2,207.78,257.06,95.08000000000001,40.25,1,1,1.0
154,6,0.0,298.0,66.02,56.120000000000005,1,1,1.0
154,7,630.93,231.09,112.59000000000003,67.57000000000002,1,1,1.0
154,8,854.57,428.4,105.42999999999995,76.60000000000002,1,1,1.0
155,2,207.78,257.11,95.08000000000001,40.22999999999996,1,1,1.0
155,6,0.0,300.7,48.3,54.19999999999999,1,1,1.0
155,7,621.79,231.43,113.41000000000008,67.83999999999997,1,1,1.0
155,8,860.93,425.02,99.07000000000005,75.15000000000003,1,1,1.0
156,2,207.78,257.17,95.07000000000002,40.19999999999999,1,1,1.0
156,6,0.0,300.7,29.05,54.19999999999999,1,1,1.0
156,7,612.64,231.76,114.65999999999997,68.13,1,1,1.0
156,8,867.3,421.64,92.70000000000005,73.71000000000004,1,1,1.0
157,2,207.78,257.23,95.07000000000002,40.16999999999996,1,1,1.0
157,6,0.0,300.7,9.8,54.19999999999999,1,1,1.0
157,7,603.5,232.1,115.89999999999998,68.4,1,1,1.0
157,8,873.67,418.26,86.33000000000004,72.25999999999999,1,1,1.0
158,2,207.77,257.28,95.08000000000001,40.160000000000025,1,1,1.0
158,7,592.25,232.49,117.67999999999995,68.83999999999997,1,1,1.0
158,8,880.04,414.88,79.96000000000004,70.82,1,1,1.0
159,2,207.77,257.34,95.08000000000001,40.13000000000005,1,1,1.0
159,7,581.0,232.87,119.45000000000005,69.30000000000001,1,1,1.0
159,8,886.41,411.5,73.59000000000003,69.37,1,1,1.0
160,2,207.77,257.39,95.08000000000001,40.110000000000014,1,1,1.0
160,7,569.76,233.26,121.22000000000003,69.74000000000001,1,1,1.0
160,8,892.77,408.12,67.23000000000002,67.93,1,1,1.0
161,2,207.76,257.45,95.07999999999998,40.09000000000003,1,1,1.0
161,7,558.51,233.65,122.99000000000001,70.18999999999997,1,1,1.0
161,8,899.14,404.74,60.860000000000014,66.48000000000002,1,1,1.0
162,2,207.76,257.51,95.07999999999998,40.06,1,1,1.0
162,7,547.26,234.03,124.56000000000006,70.64000000000001,1,1,1.0
162,8,905.51,401.36,54.49000000000001,65.02999999999997,1,1,1.0
163,2,207.76,257.56,95.07999999999998,40.04000000000002,1,1,1.0
163,7,536.01,234.42,126.13,71.09,1,1,1.0
163,8,911.88,397.98,48.120000000000005,63.589999999999975,1,1,1.0
164,2,207.75,257.62,95.08999999999997,40.01999999999998,1,1,1.0
164,7,524.76,234.81,127.70000000000005,71.52999999999997,1,1,1.0
164,8,918.25,394.6,41.75,62.139999999999986,1,1,1.0
165,2,207.75,257.68,95.08999999999997,39.99000000000001,1,1,1.0
165,7,513.51,235.2,129.26999999999998,71.98000000000002,1,1,1.0
165,8,923.64,392.03,36.360000000000014,60.650000000000034,1,1,1.0
166,2,207.75,257.73,95.07999999999998,39.96999999999997,1,1,1.0
166,7,502.27,235.58,130.83000000000004,72.42999999999998,1,1,1.0
166,8,929.03,389.47,30.970000000000027,59.14999999999998,1,1,1.0
167,2,207.75,257.79,95.07999999999998,39.94,1,1,1.0
167,7,491.02,235.97,131.40999999999997,72.88000000000002,1,1,1.0
167,8,934.42,386.9,25.58000000000004,57.650000000000034,1,1,1.0
168,2,207.74,257.84,95.08999999999997,39.93000000000001,1,1,1.0
168,7,479.77,236.36,131.99,73.32,1,1,1.0
168,8,939.81,384.3,20.190000000000055,56.19,1,1,1.0
169,2,207.74,257.9,95.08999999999997,39.900000000000034,1,1,1.0
169,7,468.52,236.74,132.57000000000005,73.77999999999997,1,1,1.0
169,8,945.2,389.15,14.799999999999955,47.28000000000003,1,1,1.0
170,2,207.77,257.81,95.05999999999997,39.910000000000025,1,1,1.0
170,7,457.27,237.13,133.14,74.22000000000003,1,1,1.0
170,8,950.58,394.0,9.419999999999959,38.360000000000014,1,1,1.0
171,2,207.79,257.71,95.03,39.93000000000001,1,1,1.0
171,7,446.02,237.52,133.72000000000003,74.66999999999999,1,1,1.0
171,8,953.48,394.6,6.519999999999982,35.25999999999999,1,1,1.0
172,2,207.82,257.62,95.0,39.94,1,1,1.0
172,7,434.78,237.9,134.29000000000008,75.11999999999998,1,1,1.0
173,2,207.84,257.53,94.97999999999999,39.960000000000036,1,1,1.0
173,7,423.53,238.29,134.87,75.57000000000002,1,1,1.0
174,2,207.87,257.44,94.94999999999999,39.97000000000003,1,1,1.0
174,7,412.28,238.68,135.48000000000002,76.00999999999999,1,1,1.0
175,2,207.89,257.34,94.93,39.99000000000001,1,1,1.0
175,7,401.03,239.07,136.08000000000004,76.45999999999998,1,1,1.0
176,2,207.92,257.25,94.89000000000001,40.0,1,1,1.0
176,7,389.78,239.45,136.69000000000005,76.91000000000003,1,1,1.0
177,2,207.95,257.16,94.86000000000001,40.00999999999999,1,1,1.0
177,7,378.53,239.84,137.30000000000007,77.35999999999999,1,1,1.0
178,2,207.97,257.06,94.84,40.02999999999997,1,1,1.0
178,7,367.29,240.23,137.89999999999998,77.79999999999998,1,1,1.0
179,2,208.0,256.97,94.81,40.039999999999964,1,1,1.0
179,7,356.04,240.61,138.5,78.25999999999999,1,1,1.0
180,2,208.02,256.88,94.78999999999999,40.06,1,1,1.0
180,7,344.79,241.0,139.10999999999996,78.69999999999999,1,1,1.0
181,2,208.05,256.79,94.75,40.06999999999999,1,1,1.0
181,7,332.84,241.5,140.22000000000003,79.20999999999998,1,1,1.0
182,2,208.07,256.69,94.73000000000002,40.089999999999975,1,1,1.0
182,7,320.9,242.0,141.32000000000005,79.72000000000003,1,1,1.0
183,2,208.1,256.6,94.70000000000002,40.099999999999966,1,1,1.0
183,7,309.6,242.5,141.77999999999997,80.23000000000002,1,1,1.0
184,2,208.67,256.73,94.13000000000002,39.96999999999997,1,1,1.0
184,7,298.3,243.0,142.24,80.74000000000001,1,1,1.0
185,2,209.23,256.86,93.57000000000002,39.839999999999975,1,1,1.0
185,7,287.0,243.5,142.7,81.25,1,1,1.0
186,2,209.8,256.99,93.0,39.70999999999998,1,1,1.0
186,7,275.3,244.0,143.56,81.75999999999999,1,1,1.0
187,2,209.58,257.11,93.22,39.589999999999975,1,1,1.0
187,7,263.6,244.5,144.41999999999996,82.26999999999998,1,1,1.0
188,2,209.35,257.24,93.45000000000002,39.45999999999998,1,1,1.0
188,7,252.2,245.0,144.98000000000002,82.77999999999997,1,1,1.0
189,2,209.13,257.37,93.67000000000002,39.329999999999984,1,1,1.0
189,7,240.45,245.5,145.89,83.29000000000002,1,1,1.0
190,2,208.9,257.5,93.9,39.19999999999999,1,1,1.0
190,7,228.7,246.0,146.8,83.80000000000001,1,1,1.0
