1,1,53.29,61.46,123.68,58.9,1,1,1.0
1,2,0.0,13.07,18.0,29.79,1,1,1.0
1,3,97.68,0.0,218.42000000000002,62.6,1,1,1.0
1,4,310.7,0.0,397.44,113.47,1,1,1.0
2,1,36.79,55.35,115.01000000000002,57.73,1,1,1.0
2,2,0.0,13.07,10.55,29.79,1,1,1.0
2,3,97.64,0.0,217.69,62.46,1,1,1.0
2,4,310.4,0.0,397.36,113.01,1,1,1.0
3,1,19.73,54.6,113.27,53.49999999999999,1,1,1.0
3,2,0.0,13.07,3.1,29.79,1,1,1.0
3,3,97.6,0.0,216.97,62.31,1,1,1.0
3,4,310.1,0.0,397.28999999999996,112.54,1,1,1.0
4,1,3.4,51.3,109.19999999999999,53.10000000000001,1,1,1.0
4,3,97.56,0.0,216.24,62.17,1,1,1.0
4,4,309.8,0.0,397.21,112.07,1,1,1.0
5,1,0.0,48.3,93.5,52.400000000000006,1,1,1.0
5,3,97.53,0.0,218.07000000000002,62.02,1,1,1.0
5,4,309.5,0.0,397.14,111.6,1,1,1.0
6,1,0.0,46.2,75.8,50.8,1,1,1.0
6,3,97.49,0.0,216.40999999999997,61.94,1,1,1.0
6,4,308.65,0.0,397.61,111.65,1,1,1.0
7,1,0.0,41.4,57.4,51.9,1,1,1.0
7,3,97.45,0.0,214.75,61.85,1,1,1.0
7,4,307.8,0.0,398.08,111.7,1,1,1.0
8,1,0.0,41.4,41.5,51.9,1,1,1.0
8,3,97.41,0.0,214.47,61.77,1,1,1.0
8,4,307.6,0.0,397.90999999999997,111.75,1,1,1.0
9,1,0.0,41.4,26.3,51.9,1,1,1.0
9,3,97.37,0.0,214.19,61.68,1,1,1.0
9,4,307.4,0.0,397.73,111.8,1,1,1.0
10,1,0.0,41.4,12.8,51.9,1,1,1.0
10,5,920.55,186.67,39.450000000000045,80.69000000000003,1,1,1.0
10,3,97.34,0.0,213.89000000000001,61.6,1,1,1.0
10,4,307.2,0.0,397.55,111.85,1,1,1.0
11,5,876.04,178.17,83.96000000000004,89.83000000000001,1,1,1.0
11,3,97.3,0.0,213.61,61.51,1,1,1.0
11,4,307.0,0.0,397.38,111.9,1,1,1.0
12,5,831.53,169.68,128.47000000000003,98.94999999999999,1,1,1.0
12,3,97.26,0.0,213.32999999999998,61.43,1,1,1.0
12,4,306.8,0.0,397.2,111.95,1,1,1.0
13,5,787.02,161.18,172.98000000000002,108.08999999999997,1,1,1.0
13,3,97.22,0.0,213.04999999999998,61.34,1,1,1.0
13,4,306.9,0.0,397.05000000000007,111.81,1,1,1.0
14,5,742.51,152.69,217.49,117.20999999999998,1,1,1.0
14,3,97.18,0.0,212.76,61.26,1,1,1.0
14,4,306.88,0.0,397.02,111.67,1,1,1.0
14,6,0.0,175.63,16.73,51.24000000000001,1,1,1.0
15,5,698.0,144.19,262.0,116.50999999999999,1,1,1.0
15,3,97.15,0.0,212.47,61.18,1,1,1.0
15,4,306.87,0.0,396.98,111.53,1,1,1.0
15,6,0.0,173.91,35.54,66.34,1,1,1.0
16,5,658.0,135.7,270.9,113.10000000000002,1,1,1.0
16,3,97.11,0.0,212.19,61.09,1,1,1.0
16,4,306.85,0.0,396.94999999999993,111.39,1,1,1.0
16,6,0.0,172.2,54.36,81.44,1,1,1.0
17,5,622.3,128.3,260.70000000000005,109.79999999999998,1,1,1.0
17,3,97.07,0.0,212.95999999999998,61.01,1,1,1.0
17,4,306.83,0.0,396.92,111.25,1,1,1.0
17,6,0.0,170.48,73.18,96.53999999999999,1,1,1.0
18,5,584.23,119.4,253.26999999999998,109.79999999999998,1,1,1.0
18,3,97.03,0.0,213.72,60.92,1,1,1.0
18,4,306.82,0.0,396.88000000000005,111.11,1,1,1.0
18,6,0.0,168.77,92.0,111.62999999999997,1,1,1.0
19,5,548.98,114.8,244.41999999999996,104.2,1,1,1.0
19,3,96.99,0.0,214.49,60.84,1,1,1.0
19,4,306.8,0.0,396.84999999999997,110.97,1,1,1.0
19,6,0.0,176.4,115.95,117.82000000000002,1,1,1.0
20,5,517.44,110.43,235.30999999999995,100.76999999999998,1,1,1.0
20,3,96.96,0.0,215.25,60.75,1,1,1.0
20,4,306.78,0.0,396.82000000000005,110.83,1,1,1.0
20,6,0.0,184.02,139.9,124.02000000000001,1,1,1.0
21,5,485.9,106.07,226.20000000000005,97.33000000000001,1,1,1.0
21,3,96.92,0.0,216.01,60.67,1,1,1.0
21,4,306.77,0.0,396.78,110.69,1,1,1.0
21,6,0.0,191.65,163.4,130.21,1,1,1.0
22,5,456.85,101.7,218.94999999999993,93.95,1,1,1.0
22,3,96.88,0.0,216.78000000000003,60.58,1,1,1.0
22,4,306.75,0.0,396.75,110.56,1,1,1.0
22,6,0.0,197.3,197.76,138.38,1,1,1.0
23,5,427.8,97.34,211.7,90.56,1,1,1.0
23,3,96.84,0.0,217.54999999999998,60.5,1,1,1.0
23,4,306.73,0.0,396.72,110.42,1,1,1.0
23,6,13.39,206.9,210.81,142.6,1,1,1.0
24,5,402.59,92.97,203.86000000000007,87.53,1,1,1.0
24,3,96.63,0.0,216.95999999999998,60.18,1,1,1.0
24,4,306.72,0.0,396.67999999999995,110.28,1,1,1.0
24,6,38.89,218.08,221.66000000000003,151.98999999999998,1,1,1.0
25,5,377.38,88.61,196.02999999999997,84.49,1,1,1.0
25,3,96.43,0.0,216.37,59.87,1,1,1.0
25,4,306.7,0.0,396.65000000000003,110.14,1,1,1.0
25,6,64.39,229.26,232.51,161.37,1,1,1.0
26,5,352.16,84.24,188.2,81.45,1,1,1.0
26,3,96.22,0.0,215.78,59.55,1,1,1.0
26,4,305.8,0.0,397.49999999999994,110.0,1,1,1.0
26,6,89.89,240.44,248.61,170.76,1,1,1.0
27,5,331.96,82.0,177.5,78.19999999999999,1,1,1.0
27,3,96.01,0.0,215.2,59.23,1,1,1.0
27,4,306.4,0.0,396.84000000000003,110.0,1,1,1.0
27,6,115.4,251.62,273.04999999999995,183.82999999999998,1,1,1.0
28,5,308.0,78.4,173.8,76.0,1,1,1.0
28,3,95.8,0.0,214.62,58.91,1,1,1.0
28,4,306.65,0.0,396.5400000000001,110.0,1,1,1.0
28,6,140.9,262.8,297.5,196.89999999999998,1,1,1.0
29,5,288.4,76.92,168.60000000000002,71.38000000000001,1,1,1.0
29,3,95.83,0.0,214.8,58.75,1,1,1.0
29,4,306.9,0.0,396.23,110.0,1,1,1.0
29,6,178.6,278.0,321.04999999999995,208.47000000000003,1,1,1.0
29,7,914.5,183.81,45.5,66.6,1,1,1.0
30,5,269.5,73.14,162.0,70.16000000000001,1,1,1.0
30,3,95.86,0.0,214.97999999999996,58.59,1,1,1.0
30,4,307.15,0.0,395.93000000000006,110.0,1,1,1.0
30,6,216.3,293.2,344.59999999999997,220.03000000000003,1,1,1.0
30,7,867.03,169.67,92.97000000000003,81.84,1,1,1.0
31,5,248.7,69.35,158.0,71.1,1,1,1.0
31,3,95.88,0.0,215.17000000000002,58.43,1,1,1.0
31,4,307.4,0.0,395.62,110.0,1,1,1.0
31,6,254.0,308.4,371.70000000000005,231.60000000000002,1,1,1.0
31,7,819.57,155.54,140.42999999999995,97.06,1,1,1.0
32,5,232.7,65.56,151.8,68.34,1,1,1.0
32,3,95.91,0.0,215.35999999999999,58.26,1,1,1.0
32,4,307.15,0.0,395.82000000000005,110.0,1,1,1.0
32,6,304.03,330.0,388.77,210.0,1,1,1.0
32,7,772.1,141.4,187.89999999999998,112.29999999999998,1,1,1.0
33,5,216.15,61.77,146.54999999999998,67.98999999999998,1,1,1.0
33,3,95.94,0.0,215.54000000000002,58.1,1,1,1.0
33,4,306.9,0.0,396.01,110.0,1,1,1.0
33,6,354.07,351.6,405.83,188.39999999999998,1,1,1.0
33,7,731.5,133.8,228.5,108.5,1,1,1.0
34,5,199.6,57.99,141.29999999999998,67.63,1,1,1.0
34,3,95.97,0.0,215.72,57.94,1,1,1.0
34,4,307.0,0.0,395.85,110.0,1,1,1.0
34,6,404.1,373.2,440.79999999999995,166.8,1,1,1.0
34,7,690.9,122.3,247.0,108.60000000000001,1,1,1.0
35,5,184.2,54.2,135.40000000000003,65.2,1,1,1.0
35,3,95.99,0.0,215.90999999999997,57.78,1,1,1.0
35,4,306.84,0.0,395.96,109.6,1,1,1.0
35,6,478.0,397.8,427.6,142.2,1,1,1.0
35,7,652.8,115.1,237.9000000000001,105.88,1,1,1.0
36,5,170.15,52.3,131.74999999999997,63.82000000000001,1,1,1.0
36,3,96.02,0.0,216.10000000000002,57.61,1,1,1.0
36,4,306.69,0.0,396.05,109.2,1,1,1.0
36,6,551.9,422.4,395.4,117.60000000000002,1,1,1.0
36,7,614.7,108.3,230.5999999999999,102.76,1,1,1.0
37,5,156.1,50.4,128.1,62.440000000000005,1,1,1.0
37,3,96.05,0.0,216.27999999999997,57.45,1,1,1.0
37,4,306.53,0.0,396.1600000000001,108.8,1,1,1.0
37,6,647.99,452.84,312.01,87.16000000000003,1,1,1.0
37,7,577.1,100.7,220.89999999999998,98.99999999999999,1,1,1.0
38,5,142.05,48.5,124.44999999999999,61.06999999999999,1,1,1.0
38,3,96.08,0.0,216.46000000000004,57.29,1,1,1.0
38,4,306.38,0.0,396.25,108.4,1,1,1.0
38,6,744.07,483.28,215.92999999999995,56.72000000000003,1,1,1.0
38,7,547.03,99.02,210.76999999999998,92.2,1,1,1.0
39,5,128.0,46.6,120.80000000000001,59.690000000000005,1,1,1.0
39,3,96.1,0.0,216.65,57.13,1,1,1.0
39,4,306.22,0.0,396.35,108.0,1,1,1.0
39,6,858.66,521.47,101.34000000000003,18.529999999999973,1,1,1.0
39,7,513.2,89.9,203.29999999999995,91.4,1,1,1.0
40,5,115.22,44.7,118.24000000000001,58.31,1,1,1.0
40,3,96.13,0.0,216.82999999999998,56.96,1,1,1.0
40,4,306.07,0.0,396.45,107.6,1,1,1.0
40,7,484.33,83.6,196.69,90.35,1,1,1.0
41,5,102.44,42.8,115.68,56.93000000000001,1,1,1.0
41,3,96.16,0.0,217.02,56.8,1,1,1.0
41,4,305.91,0.0,396.55,107.2,1,1,1.0
41,7,455.47,79.23,190.07999999999993,87.36999999999999,1,1,1.0
42,5,89.66,40.9,113.12,55.559999999999995,1,1,1.0
42,3,96.12,0.0,216.87,56.58,1,1,1.0
42,4,305.76,0.0,396.65,106.8,1,1,1.0
42,7,426.6,74.87,183.47000000000003,84.38,1,1,1.0
43,5,76.88,39.0,110.56,54.18000000000001,1,1,1.0
43,3,96.08,0.0,216.72000000000003,56.36,1,1,1.0
43,4,305.6,0.0,396.75,106.4,1,1,1.0
43,7,397.74,70.5,176.86,81.4,1,1,1.0
44,5,64.1,37.1,108.0,52.800000000000004,1,1,1.0
44,3,96.05,0.0,216.56,56.14,1,1,1.0
44,4,304.9,0.0,397.39,106.0,1,1,1.0
44,7,374.2,66.0,168.8,80.30000000000001,1,1,1.0
45,5,54.28,35.3,105.65,52.06,1,1,1.0
45,3,96.01,0.0,216.41000000000003,55.92,1,1,1.0
45,4,304.2,0.0,398.04,105.6,1,1,1.0
45,7,350.66,63.3,163.73999999999995,77.39999999999999,1,1,1.0
46,5,44.46,33.5,103.31,51.31999999999999,1,1,1.0
46,3,95.97,0.0,216.26000000000002,55.7,1,1,1.0
46,4,304.2,0.0,397.88000000000005,105.68,1,1,1.0
46,7,327.12,59.9,159.38,75.19999999999999,1,1,1.0
47,5,34.64,31.7,100.96,50.58,1,1,1.0
47,3,95.93,0.0,216.11,55.9,1,1,1.0
47,4,304.2,0.0,397.72999999999996,105.76,1,1,1.0
47,7,303.58,56.5,156.52000000000004,73.0,1,1,1.0
48,5,24.82,29.9,98.61000000000001,49.85,1,1,1.0
48,3,95.89,0.0,215.96000000000004,55.8,1,1,1.0
48,4,304.2,0.0,397.57,105.84,1,1,1.0
48,7,284.73,53.6,150.53999999999996,71.6,1,1,1.0
49,5,15.0,28.1,96.27,49.10999999999999,1,1,1.0
49,3,95.86,0.0,215.78999999999996,55.7,1,1,1.0
49,4,304.08,0.0,397.54,105.92,1,1,1.0
49,7,265.89,50.7,144.54000000000002,70.2,1,1,1.0
50,5,5.18,26.3,93.91999999999999,48.370000000000005,1,1,1.0
50,3,95.82,0.0,215.64,55.58,1,1,1.0
50,4,303.96,0.0,397.50000000000006,106.0,1,1,1.0
50,7,247.04,47.8,138.56000000000003,68.8,1,1,1.0
51,5,0.0,25.2,88.1,47.8,1,1,1.0
51,3,95.78,0.0,215.48999999999998,55.45,1,1,1.0
51,4,303.84,0.0,397.46999999999997,106.08,1,1,1.0
51,7,228.2,46.4,135.0,65.9,1,1,1.0
52,5,0.0,23.23,79.5,47.3,1,1,1.0
52,3,95.74,0.0,215.33999999999997,55.33,1,1,1.0
52,4,303.72,0.0,397.42999999999995,106.16,1,1,1.0
52,7,212.64,44.3,130.96000000000004,64.46000000000001,1,1,1.0
53,5,0.0,21.7,69.7,46.75999999999999,1,1,1.0
53,3,95.7,0.0,215.19,55.2,1,1,1.0
53,4,303.6,0.0,397.4,106.24,1,1,1.0
53,7,197.08,42.2,126.91999999999999,63.019999999999996,1,1,1.0
54,5,0.0,20.17,59.9,46.209999999999994,1,1,1.0
54,3,95.67,0.0,215.02999999999997,55.08,1,1,1.0
54,4,303.86,0.0,397.19999999999993,106.32,1,1,1.0
54,7,181.53,40.1,122.86999999999998,61.580000000000005,1,1,1.0
55,5,0.0,18.63,50.1,45.68000000000001,1,1,1.0
55,3,95.63,0.0,214.88,54.95,1,1,1.0
55,4,304.11,0.0,397.0,106.4,1,1,1.0
55,7,165.97,38.0,118.83000000000001,60.14,1,1,1.0
56,5,0.0,17.1,42.18,45.14,1,1,1.0
56,3,95.59,0.0,214.73,54.83,1,1,1.0
56,4,304.37,0.0,396.79999999999995,106.48,1,1,1.0
56,7,150.41,35.9,114.78999999999999,58.699999999999996,1,1,1.0
57,5,0.0,17.1,32.6,45.14,1,1,1.0
57,3,95.55,0.0,214.57999999999998,54.7,1,1,1.0
57,4,304.63,0.0,396.6,106.56,1,1,1.0
57,7,138.37,35.0,111.13,57.349999999999994,1,1,1.0
58,5,0.0,17.1,24.6,45.14,1,1,1.0
58,3,95.51,0.0,214.43,55.73,1,1,1.0
58,4,304.89,0.0,396.4,106.64,1,1,1.0
58,7,126.33,34.1,107.47000000000001,55.99999999999999,1,1,1.0
59,5,0.0,17.1,14.2,45.14,1,1,1.0
59,3,95.48,0.0,214.26999999999998,56.77,1,1,1.0
59,4,305.14,0.0,396.20000000000005,106.72,1,1,1.0
59,7,114.29,33.2,103.80999999999999,54.64999999999999,1,1,1.0
60,5,0.0,17.1,6.6,45.14,1,1,1.0
60,3,95.44,0.0,214.12,57.8,1,1,1.0
60,4,305.4,0.0,396.0,106.8,1,1,1.0
60,7,102.25,32.3,100.15,53.3,1,1,1.0
